


Richness During Burn_in =
7
8
15
18
16
15
18
21
19
22
23
22
23
23
21
20
25
24
26
24
24
24
25
21
19
23
22
24
28
27
30
30
27
28
26
25
26
21
18
21
18
20
22
20
21
23
24
21
22
21
22
23
23
22
23
27
24
23
21
18
19
25
24
28
28
24
23
25
27
27
27
27
28
28
27
29
37
38
36
30
35
35
35
33
29
27
29
32
31
31
32
27
26
28
26
25
29
30
27
35
33
31
33
31
30
28
30
30
35
37
37
34
34
36
30
34
29
28
25
24
29
29
27
28
29
29
32
33
33
33
33
33
28
31
33
31
28
34
36
31
30
28
27
28
23
29
30
32
31
30
27
28
33
29
27
29
30
28
30
30
27
30
29
26
25
22
26
21
22
20
24
20
22
23
21
21
22
25
26
26
22
24
24
28
30
25
29
32
31
30
28
25
28
24
21
22
19
22
24
24
24
23
my_test_file.rda
TRUE
